37.901916478168694 6.05992536606143 28.404062440349605 41.61939031926349 30.866244745379493 45.37173867865267 
34.60977921960097 7.244597398606719 44.62489483508154 75.03902164201392 40.7802533380963 64.07028153771374 
30.717544409228186 18.74453153544392 45.83385337816854 34.44780140325281 42.39096253517938 45.279548312845286 
106.11186719451166 31.797484159506286 74.2297845274799 72.09084312649536 41.08284624978476 56.87603592905018 
45.78694815542289 23.874483422603568 48.9809539033923 44.11751767346141 34.569477606764195 50.52939472410155 
10.862509139187619 17.320070023564273 8.66463461973179 20.279909807925616 33.69176310629629 35.548438873605704 
99.69963635137734 67.80033650779295 116.55508030956187 60.61512236578787 52.275257787279145 80.20866740400292 
24.46182655200146 11.567831260295215 37.18884105321663 25.35096349493298 40.35821197204085 47.15803178556984 
17.176424059787387 11.686698833457909 13.853910725807244 21.50662834525576 30.571315901807427 23.82053990794413 
57.71772924566741 32.716895830031596 41.18326654298623 73.55664252122187 47.58054308613992 40.823683293734206 
8.698687238910116 13.137506546387995 12.075354869671218 23.843146637901064 27.36849765231434 23.770529436802025 
5.802604649670798 17.843239300281496 45.22230568414943 20.30954951977874 31.188019268724975 53.90173279082829 
13.09114884524941 32.0583488555873 41.15567955209879 33.44418225106828 60.63118836151536 55.56150383017606 
81.33443209519376 156.4022739061523 68.5859371654459 61.460761601705414 84.40908483792683 43.27812380832422 
21.820055761532114 56.312385438544766 68.28923566079398 21.845382252250676 47.76317490592642 54.00588574320759 
55.647856302579974 51.073723389476115 111.70857766349096 54.388074435721585 47.94565466698514 77.74747528330764 
26.88123250512074 71.4216069237541 55.36322097496628 29.778454695825857 58.33080248147339 32.81781651183529 
40.43185588459256 33.72568520003537 74.28923537337775 34.62356759291984 48.652614155621414 53.126646451265955 
25.382370819013644 12.171578888045884 57.96439836706243 41.09147839439706 38.252920988732576 70.23837165577316 
42.13374478332362 66.00230961694007 23.62928079085543 42.96718354026056 47.78717141413198 30.79921385990801 
25.071907983491304 58.68898469091188 40.90267169879081 37.728665711688045 90.43978287575166 50.34967753469244 
43.12862866293845 47.81656601218191 37.01302838281908 59.9673497664181 65.0190954916974 72.97441253749483 
8.64595386134292 16.76512940974505 11.793352362084777 33.59842714465603 58.1194383208992 33.386308395267385 
90.98741143074776 37.02616906365037 115.16219905176521 65.43969458965935 61.28809935024268 92.14141314972109 
10.330349340637197 18.97292933781731 19.311157416679567 22.95770939073475 30.132481946621553 31.094168224169316 
7.388387594481966 12.589148683607672 13.498337186191087 25.571492476895198 33.23847947302016 29.52810387563377 
15.112318550361294 23.683684865837684 21.544568618161186 20.713080589646953 33.612494860136714 26.93474537336592 
8.710794325333998 10.07803459084322 13.022671957348596 21.47551941097322 33.3732467255676 46.83872916055404 
23.35698832183674 18.727187654609697 43.25827195587271 37.47919798370861 38.74431926082066 52.20594939122083 
72.04650696054743 60.14736499578818 81.6230315953407 46.034208501150204 41.337494460487065 77.41692174156647 
27.036170711034636 43.90473642115122 40.67821868076287 38.63194857260129 57.220390325090705 62.706828151093056 
82.67961951348916 44.23019535369373 121.13637210805558 63.62782837582747 53.286898388519376 104.2414841587138 
37.07115772144856 93.35904283443519 97.83056240691548 38.48636036070613 78.37900949835408 73.67369149890528 
24.714353836521866 40.160032819086524 33.6391641478402 37.51418535125346 64.06354974176392 81.93093491811555 
55.20504841581874 17.231236538586906 69.70461723204691 65.265734167335 42.31931361570863 67.90399275585914 
28.94833497597049 31.43043099106295 46.11244262399808 47.18965444692535 63.40719999656096 56.6099063656151 
24.163777333314997 21.184957852898126 20.598744817244672 45.83599252757042 47.38797802284569 34.78111919903951 
36.64053457905629 23.45004849626815 73.32131373965353 60.89955684457937 59.235142781201255 93.68989191469169 
14.298664946796277 18.420240024632676 20.071764624601474 25.144895977287305 47.61679103963141 51.94363149086984 
82.92642790056914 52.964393611071564 93.61548031780356 47.4879232765048 75.2653000937148 92.00977470650916 
13.599684474709251 19.381064302772604 19.019068582632123 36.391356438752425 43.99846568560476 47.875132428715325 
26.288976587656567 17.431842870230643 6.860135690690345 26.492070342344437 41.6380481649719 33.66516706839226 
47.82748752540968 43.97678709744953 44.522525848059956 45.54767336345906 47.550642819714675 51.48920255404031 
18.79450538877733 34.647971692959224 36.74510031567349 44.45376683628691 71.34608415429655 58.372475054536274 
26.341811819395318 37.97552597780353 45.67444981127169 49.54501339146833 78.14242697066086 64.51852347525224 
66.09827387757765 20.001598979821285 34.735560494312004 65.33777388483229 66.15061011501406 85.84454052522214 
12.777889798129893 19.618838185214372 13.779456903591521 25.519701628805453 37.74280457958218 32.24543201018036 
52.99002814063596 58.51641925531082 40.24761706468553 36.23087179619127 47.66002900880166 36.086182091338145 
10.02503133479227 17.131724055603613 28.549408812314827 25.867511908785055 42.319147002666455 63.71468034893204 
49.385489106572614 19.619528883549858 72.47202279572339 44.17875372432483 38.42054283679061 55.4295848403442 
52.28264974157642 61.341737933229396 39.83888096649377 37.54062102632158 41.32598280264668 31.121260339172636 
50.830011956217824 17.882661976045302 46.673151273564045 41.61573227985546 49.133712745057544 62.558483682110996 
121.4315028266908 91.83742656319711 102.59419686818605 71.59469643176995 62.98139920598938 65.49924984220094 
46.24469330601785 89.18164378156895 56.301602964091394 43.54757294457301 62.90898645518723 70.11368585128957 
14.702531307297022 12.039070311210931 10.496930955433381 34.2415150007692 53.16086624940753 70.03777159915515 
56.762411303114426 39.23776496443911 62.56238248598531 65.37707418000433 63.421235168274976 65.57301116651203 
51.99096134685964 29.100298476039022 39.116715335849186 46.95063795471362 61.22351263790304 66.06213396995116 
38.54509996499292 98.459453696857 116.95454207140803 56.71057029541678 75.53422406187059 65.8958874162425 
24.186623126564193 48.600711651788274 15.682881924716861 29.98054913251749 39.54097884699506 32.597773292330665 
66.34934169710331 79.94128622573284 46.17519018643643 59.01278150374819 122.56389890120906 85.29256602276305 
72.62079480165849 23.957573842605466 113.33102839926791 62.30872502654327 34.10926153000552 54.262110631847996 
234.6530069524637 88.37754355067864 130.01429524373228 84.60112488821605 65.22624397247299 91.86663694148659 
45.49292482697671 57.933371625705405 52.09226521202543 39.01986781450957 43.17218903565804 36.41732347584487 
119.73606517408945 140.37286074874487 152.28418699066043 53.49442406988984 47.97138215462391 73.49029310869635 
49.85592405148818 54.44904885460287 45.35660383237812 60.22101260827858 52.48170682281226 59.01041103059588 
39.44903522607738 31.698570259702624 15.237827078289914 27.45200228526 31.229341251039315 39.16879045875886 
112.25195293024058 29.14932097484524 92.2483072550329 55.15197245761211 27.211160070248813 65.84113699264827 
70.8018960951257 22.486893602301414 78.9318866386913 58.68324453537482 54.375644044903886 86.41998963807981 
33.92703671830395 91.43790355351926 49.94240244365877 20.400263000927428 39.200220682240555 28.757481614308542 
137.65941549107205 125.40107473763516 105.93973851712198 49.04942005233637 53.50758101824032 68.05086037449077 
14.003408360943691 26.123003347586252 14.747811808001805 31.732102531558397 47.07156198660036 47.84655262429544 
60.4938999891165 36.21339269903064 72.3987850337207 45.06718917410775 34.529044602260036 63.454214367249264 
40.82575376775394 56.295155696921185 85.30163580193991 54.81381815517803 99.69688004946184 75.26031445026919 
32.42761726954133 74.98205316364322 54.32096727356526 27.301638113322408 40.84864502020872 35.50671377001763 
74.50210611876874 72.24813892563148 40.16952117934669 57.22151414315615 46.45673315778006 31.71417657820966 
5.757120990221682 9.178080362501891 8.924724032146921 19.50537741737416 26.082598123365813 20.34464412915509 
86.83066168362342 71.78131170133845 86.98959726814206 42.489211407696956 53.801178140571665 70.34407370471399 
30.931028917154357 43.26879378976415 22.9790191972386 30.423292286889094 33.246115793804925 23.65167889879293 
74.2769341147945 33.845727067087694 89.38161797919754 51.304533917075965 35.708182653553244 77.76266502370349 
24.754923692256384 33.866023204145115 14.913079952538206 28.45551230323318 35.69344863951998 34.67664544255851 
52.48984480397939 36.53899795228776 73.27738724344543 32.42367760880131 34.57422292011948 46.04969207546801 
25.82548125706518 27.692732742153474 32.90223607676276 40.230438924269315 56.7277932741454 48.16363430403356 
37.32906524644322 51.2230724823247 42.615236153608016 37.45933254858051 41.023040121436175 38.35631751252602 
41.89819832029677 22.728549995866533 64.76665979723631 43.002416673156105 43.316806222822855 82.91582024032039 
14.143226970412105 26.027806060178957 22.502128684067767 22.196336196637212 31.40140026475158 38.383129060281 
8.773748808419178 16.801087509991575 18.50521947357686 15.634660018364832 23.940259185054117 25.425787523372136 
48.60827881658669 22.489217985968754 52.62664146419218 51.63783033428921 37.32535319805281 53.89837720056368 
62.98284463834952 20.550832858264446 51.64982709091226 41.20306742120852 31.91294372798942 54.658070482626734 
21.931039704069907 45.45308375617827 36.93050656807352 31.72105930352591 49.583286816937814 37.52345459025951 
7.2782678007363435 13.905851950151748 19.236110709947976 15.736595548199938 24.798555170249298 33.928850052172834 
32.0051844540247 43.23266822800884 31.70026736302752 24.207731739140932 40.03020837357793 37.43549922968462 
44.84797869638383 22.84399758903281 61.048927015451255 38.281564036880035 34.57168309581612 64.92032037653917 
9.359398426332081 21.145517206202545 42.88567706663705 17.99687891193113 35.627135823952564 53.980087204308084 
44.70099912909106 29.335954010213385 88.18365354194859 52.12956062458724 58.98840954694605 96.43060530929841 
40.975522568083065 31.622103501382433 52.98441563402982 40.80513906564311 39.41927767555868 58.77765088250011 
95.71198156221283 71.51049259350698 66.52956651953592 47.823088725607995 42.07550958999026 46.742605052692255 
19.725104301857932 15.62967126133916 12.820720739789294 29.502667613871214 34.18974621497086 32.03253849282521 
54.000485693183045 47.46618166417331 55.86263047762688 58.35742450040849 58.97737743790505 63.39448517524495 
25.46586368904718 23.47940990584215 28.73936037752943 27.867033914870554 27.116886324101866 37.867949138994454 
27.591100138116616 23.394814469177273 16.01160759527558 22.299435548767686 28.309587807623075 21.848008331190055 
50.76694884969587 28.414918852073956 22.63874082886077 40.618796151121394 31.06204760064369 29.577599186162647 
20.44141744119378 31.58180816483202 46.83674655152445 24.8617418691133 38.29377842064619 40.14566085682518 
29.92059553089674 27.779046295820343 39.14310817596397 36.726910279233415 39.80697412519446 59.17662581280527 
32.813743819977674 55.318862851565285 19.063332187595137 39.97317762575444 63.27436450445099 49.65634657779537 
29.369015779887615 81.3184562125279 43.92397511163131 28.98344338225382 39.451485226251556 26.40853610794684 
81.91973018120052 71.57482373202005 87.9399820284984 57.80124723314997 36.446466335763226 86.6187941011932 
27.945026421918236 14.869924636968221 16.593613220744302 47.07173128245554 32.47582739259807 37.021758291627954 
20.496040062623408 29.031256368412002 32.97102049582453 31.25140706489724 32.8028662052576 29.684665433657244 
18.643746897612417 46.62690232767465 45.48431649083593 15.933046097285947 30.737611459511005 45.85627729096409 
61.790036188542054 94.51326807048346 65.08026194295927 52.59111707619718 52.89558013498328 49.48428741819768 
41.67071512073338 22.812747507979118 49.27654131782229 50.18169753870059 33.176959419137596 63.96690366131006 
26.839476400198155 48.741629323169924 17.693992216089846 21.505139961323618 29.78597285940059 25.561064242000587 
101.6903490314583 98.65558762169468 95.82031362093178 63.55764056930863 55.4737683061091 85.83156099338154 
69.89563613814649 84.00141184283413 48.3372770778392 39.4612636550284 46.65980647187886 40.54113562408916 
34.478479651381804 41.69374825617373 49.73271698181983 29.078663517012746 37.45471283330952 59.01073441242882 
62.70840518424951 51.42759514811711 88.23089427714274 44.73775825722194 42.770811345894685 63.91061423643246 
106.99050218465976 110.38296605055612 26.1941149071175 38.427612434563045 45.682605843608066 29.04718758462524 
38.26597522853065 21.465252983239107 32.83550637585028 37.46279580234083 34.70775438706158 40.402349363259724 
85.54448895662935 64.1695784698741 92.68808787496036 62.150867243177586 63.44698053701255 62.30767648441479 
41.115475462016896 24.02793298659806 58.3961390159126 34.50080675545854 45.40495312336967 73.54647709529135 
64.35400632435966 33.54876226670389 99.55505433899333 62.185486995331814 72.13785246663429 107.1114973645257 
23.19310780402203 52.723041457846726 17.219490457528284 26.316890931487958 45.618540430571926 35.45609852064961 
61.643095387255684 99.34228001879802 67.40912920529927 37.634125449511636 52.04506121117137 61.54168822132153 
23.558362095281208 35.58348121499708 27.49774199680497 35.24571820912704 44.20149853332805 38.92053001190844 
5.585991368644054 9.022694665244506 8.306198354473173 24.163724842158913 28.67798751370828 21.802445055439687 
59.6799730519513 50.21838060489387 93.37006460598542 44.58938401838405 39.43635923542247 77.35090400847116 
86.83022028316798 54.53825930240236 55.00740713616136 44.35158219395615 43.82655337498446 55.387158740853536 
39.18864748980068 13.414756776035123 57.752864380824946 44.21997686272331 28.62232357423054 50.848114283908174 
59.28843386036945 37.426886340494434 71.20137249079119 43.06295441792684 33.545954327095544 54.36383363788106 
17.46765425414541 46.30192467348089 21.695379626875326 22.21567315252894 40.86734535369354 20.336213872638734 
68.08721043542185 111.98063755812026 106.9966202116134 51.764570236783165 70.95618341126955 90.90889880026471 
23.57751107941195 72.85006490078133 46.608215694752275 40.928334879769515 63.413385898547254 46.974175494141555 
72.11172259436701 68.21661121916813 72.14710268497022 55.222404225843675 48.65438009340649 53.762224123355466 
8.407935243521932 10.614007545447725 8.043179563018006 21.09277747232546 25.986550210210037 22.063543619225165 
25.126270122243504 16.52814735853554 23.437708455536367 27.792446266530728 41.268340588682904 38.0722810632806 
38.022925230039476 114.6748272846548 61.421101083421355 27.222819102335684 52.25186377406672 63.088152841363616 
62.44830730876087 19.05269832079346 43.66943845132532 57.1221634644594 32.46272423980653 51.01298563161924 
85.63804519711368 56.865956877355124 46.1504549325694 45.048898043622366 44.18149565403185 46.173558317027094 
52.77936102077065 48.592775002440696 31.74329970920789 37.97682293738007 42.73694275031266 39.83896267651009 
23.84951952342571 84.00241284697364 42.40438159269171 31.944244378386017 46.03880383009518 28.64505139159238 
57.59385723922559 95.47542084332106 27.970024854565402 49.481807024858 56.19504524358072 33.11428250399007 
24.026272974323334 61.25818335906512 49.46165281266829 39.0948946483692 68.8718728018615 83.12100231350489 
38.317406833933056 97.98182651784147 95.62269793768486 26.004094126452884 50.514786964544165 52.290586696869006 
19.955562012923078 50.38893133955375 20.25338017708778 21.863713711245666 40.454715593067746 32.70931068802295 
53.12658846911987 42.038909324382296 32.63435071325872 40.67481493202982 56.309959267813184 39.54985078826829 
35.81719896990108 31.263964359951558 20.034352786213685 44.90423472177744 54.777328025461195 44.281591858950044 
28.0874701651354 66.0341637882318 15.44059641174276 19.60646857922725 41.18134680406585 24.13272176600628 
19.010915642484306 36.649186557979064 26.989125813586654 34.27877348858605 38.36757803783596 39.00919793976639 
11.471616781186727 30.418985764082887 30.167963760693922 31.28527153557345 36.66637802444676 39.246836413609444 
19.478564359056968 14.448672300932207 17.78583744048261 33.962341314612075 40.71581827924328 34.4036611610304 
127.3575124123536 180.43212385391237 134.00732282264795 63.4791367232867 65.7202412465586 70.3285532833226 
40.9321164037112 36.204761194833665 35.5264534627987 24.63927903245376 26.945541033698614 38.176358278494426 
55.71072004983476 45.41923950795357 47.09407925473646 54.27914904424704 56.699153042017514 74.37682534077801 
25.573332965370394 10.463485169994563 50.48256308042323 33.22866250565853 31.184480598167312 67.72769481907523 
154.70798035802548 203.05560374680863 126.5163607944032 47.885387127343385 64.81108455762124 65.46838594930078 
77.20560504051748 56.5917107361319 76.65097477755715 48.39246834554402 53.17083329659988 53.45354911340313 
77.08074440640732 41.7860581046508 60.678168795063826 54.71580220369656 52.243884950027876 83.48264973391784 
18.185702925103723 29.31454352124274 25.70529545532394 28.20378602609273 34.45289825213442 25.9919130169523 
37.47536132152186 49.55560794502237 12.779333600823506 29.450868936734597 47.88762355097907 43.27563797857349 
31.62873793122312 39.5379241493062 28.16169423139019 37.41740173797699 42.478500872521025 41.595767905793984 
38.118369343827176 118.73403988269405 116.00896221483677 30.576935421527143 56.193755098178706 51.39635555984939 
27.202932120396536 39.380531684682026 39.64418504837061 61.51228520560412 73.50809034378479 64.56041933422333 
61.22567331142644 40.33593221339287 74.95680153806819 53.24410054503727 39.59695649246844 58.368100773282166 
149.84751978812346 84.80832201949755 44.232456292641686 68.36331961306999 50.282682900721724 55.03998896889726 
58.471139845246064 32.19690401441847 26.81589430489484 71.18483580837461 65.19368914366912 66.85001751160614 
70.80078382688247 17.633192961629966 16.018386370829077 49.83555442880117 46.52166888688929 40.27682199553237 
20.51829043661553 13.20872818184173 47.7963441515692 38.621674240709304 34.675880151730006 64.54707029243336 
14.843564639471278 30.522097022541786 24.11916940425846 18.945104327173542 36.305579325868486 28.7432319774391 
61.99365767859235 40.6715036388185 61.59424975598451 55.90911290528899 48.27810716195555 46.377143452 
80.86537182812661 127.28388116871308 81.55786558407189 34.20673864100968 50.31431210723384 45.58322061636891 
139.72778051494805 266.796790653213 95.36853731243347 43.39108667173366 66.94855399411504 34.01680882068656 
25.832943408583194 33.099976234876316 12.42766419825755 20.817361424696422 39.108019203823346 42.661773886869184 
38.679227256884765 33.509634734732366 42.00178894550081 37.78826030215292 44.180376929911944 46.57765262301497 
60.004415674061434 165.59967348147953 111.9429165141513 56.92212661733743 117.96718125334687 114.43926454283127 
37.09671750635627 79.37668399611391 62.67988251144785 35.17597142294353 81.29933219046208 71.33548398024827 
5.9620717946138795 26.659283446749455 36.862784211305794 27.149888524355763 43.294974995904376 54.443344304325066 
40.507260271463366 22.258575635558135 7.567391171115593 42.7108854068612 46.8506206732937 36.33915379844212 
43.40155467216559 63.593740598505626 26.244872672338445 30.77912286040515 53.45072810631006 35.64752586840301 
22.7555753060888 42.60837201580901 37.15604428455594 22.34747176070416 35.54851592711195 28.185047212025825 
69.41780558809158 34.35281440921293 88.72325352662558 62.88003385352733 43.57087542923166 55.12376009797277 
